0.000000000000000000e+00 1.450871504929437745e-16 1.289783145589135498e+12
3.000000000098999864e-02 1.368746186519363255e+05 1.289783145589135498e+12
6.000000000097999858e-02 5.727630147380618146e+05 1.289783145589135498e+12
9.000000000096999853e-02 1.345701133597726235e+06 1.289783145589135498e+12
1.200000000009600054e-01 2.493785636056073941e+06 1.289783145589135498e+12
1.500000000009500123e-01 4.055029127007760108e+06 1.289783145589135498e+12
1.800000000009399914e-01 6.067229108312612399e+06 1.289783145589135498e+12
2.100000000009299983e-01 8.567850733156677336e+06 1.289783145589135498e+12
2.400000000009200052e-01 1.159392321315059811e+07 1.289783145589135498e+12
2.700000000009099566e-01 1.518194953288049996e+07 1.289783145589135498e+12
3.000000000008999912e-01 1.936782896138892323e+07 1.289783145589135498e+12
3.300000000008899703e-01 2.418679171667208523e+07 1.289783145589135498e+12
3.600000000008799494e-01 2.967334503702219576e+07 1.289783145589135498e+12
3.900000000008699841e-01 3.586122984014022350e+07 1.289783145589135498e+12
4.200000000008599632e-01 4.278338710495165735e+07 1.289783145589135498e+12
4.500000000008499978e-01 5.047193308894474059e+07 1.289783145589135498e+12
4.800000000008399770e-01 5.895814249236240238e+07 1.289783145589135498e+12
5.100000000008300116e-01 6.827243869629698992e+07 1.289783145589135498e+12
5.400000000008199352e-01 7.844439023142504692e+07 1.289783145589135498e+12
5.700000000008099699e-01 8.950271267455519736e+07 1.289783145589135498e+12
6.000000000008000045e-01 1.014752752185363621e+08 1.289783145589135498e+12
6.300000000007899281e-01 1.143891112148352414e+08 1.289783145589135498e+12
6.600000000007799628e-01 1.282704320449806452e+08 1.289783145589135498e+12
6.900000000007699974e-01 1.431446437352991402e+08 1.289783145589135498e+12
7.200000000007599210e-01 1.590363657873560190e+08 1.289783145589135498e+12
7.500000000007499557e-01 1.759694517531001568e+08 1.289783145589135498e+12
7.800000000007399903e-01 1.939670111379534304e+08 1.289783145589135498e+12
8.100000000007300249e-01 2.130514322663134933e+08 1.289783145589135498e+12
8.400000000007199485e-01 2.332444057917628288e+08 1.289783145589135498e+12
8.700000000007099832e-01 2.545669485782706738e+08 1.289783145589135498e+12
9.000000000007000178e-01 2.770394277190133929e+08 1.289783145589135498e+12
9.300000000006899414e-01 3.006815844956976771e+08 1.289783145589135498e+12
9.600000000006799761e-01 3.255125581139969230e+08 1.289783145589135498e+12
9.900000000006700107e-01 3.515509090796638727e+08 1.289783145589135498e+12
1.020000000000660156e+00 3.788146421055470109e+08 1.289783145589135498e+12
1.050000000000650191e+00 4.073212284621585011e+08 1.289783145589135498e+12
1.080000000000640004e+00 4.370876277039843202e+08 1.289783145589135498e+12
1.110000000000630038e+00 4.681303087205962539e+08 1.289783145589135498e+12
1.140000000000620073e+00 5.004652700760456920e+08 1.289783145589135498e+12
1.170000000000610108e+00 5.341080596123974323e+08 1.289783145589135498e+12
1.200000000000600142e+00 5.690737933035351038e+08 1.289783145589135498e+12
1.230000000000590177e+00 6.053771733541259766e+08 1.289783145589135498e+12
1.260000000000579989e+00 6.430325055457502604e+08 1.289783145589135498e+12
1.290000000000570024e+00 6.820537158381474018e+08 1.289783145589135498e+12
1.320000000000560059e+00 7.224543662381844521e+08 1.289783145589135498e+12
1.350000000000550093e+00 7.642476699530309439e+08 1.289783145589135498e+12
1.380000000000540128e+00 8.074465058468352556e+08 1.289783145589135498e+12
1.410000000000530163e+00 8.520634322225139141e+08 1.289783145589135498e+12
1.440000000000519975e+00 8.981106999518208504e+08 1.289783145589135498e+12
1.470000000000510010e+00 9.456002649779901505e+08 1.289783145589135498e+12
1.500000000000500044e+00 9.945438002158814669e+08 1.289783145589135498e+12
1.530000000000490079e+00 1.044952706875009894e+09 1.289783145589135498e+12
1.560000000000480114e+00 1.096838125230595589e+09 1.289783145589135498e+12
1.590000000000470148e+00 1.150210944868052959e+09 1.289783145589135498e+12
1.620000000000460183e+00 1.205081814425275564e+09 1.289783145589135498e+12
1.650000000000449996e+00 1.261461150857292652e+09 1.289783145589135498e+12
1.680000000000440030e+00 1.319359148246593952e+09 1.289783145589135498e+12
1.710000000000430065e+00 1.378785786181992292e+09 1.289783145589135498e+12
1.740000000000420100e+00 1.439750837728129625e+09 1.289783145589135498e+12
1.770000000000410134e+00 1.502263877006589890e+09 1.289783145589135498e+12
1.800000000000400169e+00 1.566334286409142494e+09 1.289783145589135498e+12
1.830000000000389981e+00 1.631971263462309122e+09 1.289783145589135498e+12
1.860000000000380016e+00 1.699183827361938953e+09 1.289783145589135498e+12
1.890000000000370051e+00 1.767980825195289373e+09 1.289783145589135498e+12
1.920000000000360085e+00 1.838370937867451668e+09 1.289783145589135498e+12
1.950000000000350120e+00 1.910362685748156548e+09 1.289783145589135498e+12
1.980000000000340155e+00 1.983964434053706646e+09 1.289783145589135498e+12
2.010000000000330189e+00 2.059184397978811502e+09 1.289783145589135498e+12
2.040000000000320224e+00 2.136030647591454029e+09 1.289783145589135498e+12
2.070000000000310258e+00 2.214511112503823280e+09 1.289783145589135498e+12
2.100000000000300293e+00 2.294633586331272125e+09 1.289783145589135498e+12
2.130000000000289884e+00 2.376405730950854778e+09 1.289783145589135498e+12
2.160000000000279918e+00 2.459835080569983482e+09 1.289783145589135498e+12
2.190000000000269953e+00 2.544929045615694523e+09 1.289783145589135498e+12
2.220000000000259988e+00 2.631694916453816891e+09 1.289783145589135498e+12
2.250000000000250022e+00 2.720139866947208881e+09 1.289783145589135498e+12
2.280000000000240057e+00 2.810270957861565590e+09 1.289783145589135498e+12
2.310000000000230092e+00 2.902095140126887321e+09 1.289783145589135498e+12
2.340000000000220126e+00 2.995619257961969376e+09 1.289783145589135498e+12
2.370000000000210161e+00 3.090850051869430542e+09 1.289783145589135498e+12
2.400000000000200195e+00 3.187794161507341385e+09 1.289783145589135498e+12
2.430000000000190230e+00 3.286458128444613457e+09 1.289783145589135498e+12
2.460000000000180265e+00 3.386848398805421352e+09 1.289783145589135498e+12
2.490000000000170299e+00 3.488971325808615208e+09 1.289783145589135498e+12
2.520000000000159890e+00 3.592833172207283974e+09 1.289783145589135498e+12
2.550000000000149925e+00 3.698440112633566856e+09 1.289783145589135498e+12
2.580000000000139959e+00 3.805798235853455067e+09 1.289783145589135498e+12
2.610000000000129994e+00 3.914913546935650826e+09 1.289783145589135498e+12
2.640000000000120028e+00 4.025791969339304447e+09 1.289783145589135498e+12
2.670000000000110063e+00 4.138439346923995495e+09 1.289783145589135498e+12
2.700000000000100098e+00 4.252861445885946274e+09 1.289783145589135498e+12
2.730000000000090132e+00 4.369063956624063492e+09 1.289783145589135498e+12
2.760000000000080167e+00 4.487052495538851738e+09 1.289783145589135498e+12
2.790000000000070202e+00 4.606832606767677307e+09 1.289783145589135498e+12
2.820000000000060236e+00 4.728409763859055519e+09 1.289783145589135498e+12
2.850000000000050271e+00 4.851789371388852119e+09 1.289783145589135498e+12
2.880000000000039861e+00 4.976976766521236420e+09 1.289783145589135498e+12
2.910000000000029896e+00 5.103977220516554832e+09 1.289783145589135498e+12
2.940000000000019931e+00 5.232795940188656807e+09 1.289783145589135498e+12
2.970000000000009965e+00 5.363438069314167976e+09 1.289783145589135498e+12
3.000000000000000000e+00 5.495908689995213509e+09 1.289783145589135498e+12
