1.584893192461123765e+08 1.356371958289962990e-10
3.981071705534985662e+08 4.381554553261985540e-11
1.000000000000008225e+09 1.370621707522982380e-11
2.511886431509592533e+09 4.202895175291358049e-12
6.309573444801994324e+09 1.219744496951708563e-12
1.584893192461123848e+10 2.218034732739390791e-13
3.981071705535018158e+10 9.259888642888292055e-15
1.000000000000008240e+11 4.503725621444491282e-17
2.511886431509613037e+11 7.301081643418102346e-21
6.309573444801994629e+11 1.343143422400123627e-26
1.584893192461123765e+08 1.014070917812737264e-10
3.981071705534985662e+08 4.654747115331762033e-11
1.000000000000008225e+09 1.450040606763956694e-11
2.511886431509592533e+09 4.392960001404671319e-12
6.309573444801994324e+09 1.236285826134472948e-12
1.584893192461123848e+10 2.200651275734648109e-13
3.981071705535018158e+10 8.730602683212752611e-15
1.000000000000008240e+11 3.672314950469186541e-17
2.511886431509613037e+11 4.489063616810819360e-21
6.309573444801994629e+11 5.858326863272877263e-27
1.584893192461123765e+08 1.455497037051431096e-11
3.981071705534985662e+08 4.072411813662679988e-11
1.000000000000008225e+09 1.419794205619595392e-11
2.511886431509592533e+09 4.273116220221274318e-12
6.309573444801994324e+09 1.188561770437929640e-12
1.584893192461123848e+10 2.063078047421101029e-13
3.981071705535018158e+10 7.652896061337480621e-15
1.000000000000008240e+11 2.782593777445495658e-17
2.511886431509613037e+11 2.667747897956324137e-21
6.309573444801994629e+11 2.841222326934848901e-27
1.584893192461123765e+08 1.156883677412338481e-12
3.981071705534985662e+08 1.286662816787066544e-11
1.000000000000008225e+09 1.385699390381654282e-11
2.511886431509592533e+09 4.147699145729838113e-12
6.309573444801994324e+09 1.143968143596443250e-12
1.584893192461123848e+10 1.935642452958593386e-13
3.981071705535018158e+10 6.703766371900273950e-15
1.000000000000008240e+11 2.083050622500734486e-17
2.511886431509613037e+11 1.507203578284403713e-21
6.309573444801994629e+11 1.155035286565089947e-27
1.584893192461123765e+08 7.806595887676117704e-13
3.981071705534985662e+08 9.605934127938656064e-13
1.000000000000008225e+09 1.345129504830102657e-11
2.511886431509592533e+09 4.046261150996100774e-12
6.309573444801994324e+09 1.105228403466717393e-12
1.584893192461123848e+10 1.828841122992408827e-13
3.981071705535018158e+10 5.974060040823738696e-15
1.000000000000008240e+11 1.648728010945811201e-17
2.511886431509613037e+11 9.863768056597127933e-22
6.309573444801994629e+11 6.489390509067329294e-28
1.584893192461123765e+08 9.108715784509815976e-13
3.981071705534985662e+08 4.145830246894097509e-13
1.000000000000008225e+09 1.170501816365775103e-11
2.511886431509592533e+09 3.897159386152613635e-12
6.309573444801994324e+09 1.070422407061840989e-12
1.584893192461123848e+10 1.740923755979168087e-13
3.981071705535018158e+10 5.454080148508676249e-15
1.000000000000008240e+11 1.389954122739128128e-17
2.511886431509613037e+11 7.446805352354263932e-22
6.309573444801994629e+11 4.686317689281445481e-28
1.584893192461123765e+08 1.295181445877885539e-12
3.981071705534985662e+08 4.241715361288220967e-13
1.000000000000008225e+09 4.453388884245190535e-12
2.511886431509592533e+09 3.426480462490041946e-12
6.309573444801994324e+09 9.959949225694916272e-13
1.584893192461123848e+10 1.567871271309948844e-13
3.981071705535018158e+10 4.563793445548024159e-15
1.000000000000008240e+11 1.030573383171698786e-17
2.511886431509613037e+11 4.934508203536962586e-22
6.309573444801994629e+11 3.448555916782484392e-28
1.584893192461123765e+08 2.348133053964167115e-12
3.981071705534985662e+08 7.538140733877473629e-13
1.000000000000008225e+09 3.781989159496627602e-13
2.511886431509592533e+09 3.556151213840515089e-12
6.309573444801994324e+09 9.693200732248550538e-13
1.584893192461123848e+10 1.492265536208564986e-13
3.981071705535018158e+10 4.097384704415782504e-15
1.000000000000008240e+11 8.342183857940218254e-18
2.511886431509613037e+11 3.960645141211817568e-22
6.309573444801994629e+11 3.877427710118635970e-28
1.584893192461123765e+08 3.919930695845835794e-12
3.981071705534985662e+08 1.299647200283702977e-12
1.000000000000008225e+09 4.391608651392731866e-13
2.511886431509592533e+09 2.611913248660193775e-12
6.309573444801994324e+09 8.641845405690814547e-13
1.584893192461123848e+10 1.283322687977893365e-13
3.981071705535018158e+10 3.228493618982876538e-15
1.000000000000008240e+11 6.184322373294743066e-18
2.511886431509613037e+11 3.914026187072135314e-22
6.309573444801994629e+11 5.951368013767346323e-28
1.584893192461123765e+08 8.214253001540990202e-13
3.981071705534985662e+08 5.017376676303286540e-13
1.000000000000008225e+09 3.228539454998819432e-13
2.511886431509592533e+09 8.615186640986615199e-13
6.309573444801994324e+09 7.343024656256130354e-13
1.584893192461123848e+10 1.075855688323257923e-13
3.981071705535018158e+10 2.373716853414361200e-15
1.000000000000008240e+11 3.532152145873181784e-18
2.511886431509613037e+11 1.379528068017224086e-22
6.309573444801994629e+11 1.571284587095032556e-28
