1.584893192461123765e+08 1.314209331766215811e-10
3.981071705534985662e+08 6.363773227627833311e-11
1.000000000000008225e+09 1.907489536588282618e-11
2.511886431509592533e+09 5.847534234484161533e-12
6.309573444801994324e+09 1.934932364623534056e-12
1.584893192461123848e+10 5.403074588343755669e-13
3.981071705535018158e+10 9.559245241825740926e-14
1.000000000000008240e+11 8.873371381439615743e-15
2.511886431509613037e+11 1.889169845211155747e-16
6.309573444801994629e+11 1.335247784380046630e-19
1.584893192461123765e+08 1.006234500504018839e-10
3.981071705534985662e+08 6.972552806938237631e-11
1.000000000000008225e+09 2.083413410655784846e-11
2.511886431509592533e+09 6.287422151902739078e-12
6.309573444801994324e+09 1.998325512848461004e-12
1.584893192461123848e+10 5.425369078149628725e-13
3.981071705535018158e+10 9.128143987527385512e-14
1.000000000000008240e+11 7.471447665262014605e-15
2.511886431509613037e+11 1.219658914519927288e-16
6.309573444801994629e+11 4.913267885470426350e-20
1.584893192461123765e+08 1.446054626347297854e-11
3.981071705534985662e+08 6.255399044381537853e-11
1.000000000000008225e+09 2.100497095626770305e-11
2.511886431509592533e+09 6.292254968986423217e-12
6.309573444801994324e+09 1.969147809250874837e-12
1.584893192461123848e+10 5.180484137173985139e-13
3.981071705535018158e+10 8.128457077463261175e-14
1.000000000000008240e+11 5.800858513719108036e-15
2.511886431509613037e+11 7.349651170119900162e-17
6.309573444801994629e+11 2.105325114766584569e-20
1.584893192461123765e+08 1.119100843015579161e-12
3.981071705534985662e+08 1.996991724349364511e-11
1.000000000000008225e+09 2.105891086431585256e-11
2.511886431509592533e+09 6.269788902656357914e-12
6.309573444801994324e+09 1.940373586847508171e-12
1.584893192461123848e+10 4.950500026169765030e-13
3.981071705535018158e+10 7.237647407410055156e-14
1.000000000000008240e+11 4.461406298393259082e-15
2.511886431509613037e+11 4.166626025457029769e-17
6.309573444801994629e+11 6.499320182809677000e-21
1.584893192461123765e+08 7.455870973334576823e-13
3.981071705534985662e+08 1.456990594008468066e-12
1.000000000000008225e+09 2.086831674062178550e-11
2.511886431509592533e+09 6.246877744515501782e-12
6.309573444801994324e+09 1.909546230816054227e-12
1.584893192461123848e+10 4.749003943923190248e-13
3.981071705535018158e+10 6.547420068742757852e-14
1.000000000000008240e+11 3.586718068051603874e-15
2.511886431509613037e+11 2.666458562787888791e-17
6.309573444801994629e+11 3.381347924674386911e-21
1.584893192461123765e+08 8.686643361312371551e-13
3.981071705534985662e+08 6.050733479819552485e-13
1.000000000000008225e+09 1.832789023762204176e-11
2.511886431509592533e+09 6.092544328555671689e-12
6.309573444801994324e+09 1.874640447722420418e-12
1.584893192461123848e+10 4.573815938055591601e-13
3.981071705535018158e+10 6.040532872803926254e-14
1.000000000000008240e+11 3.046868918916289654e-15
2.511886431509613037e+11 1.963668839956551431e-17
6.309573444801994629e+11 2.550515808195842022e-21
1.584893192461123765e+08 1.236876561658615460e-12
3.981071705534985662e+08 6.065472836371752125e-13
1.000000000000008225e+09 6.943404178766617473e-12
2.511886431509592533e+09 5.451477712974680506e-12
6.309573444801994324e+09 1.788089217300194382e-12
1.584893192461123848e+10 4.213193109621908386e-13
3.981071705535018158e+10 5.149097519696878426e-14
1.000000000000008240e+11 2.274923509130181115e-15
2.511886431509613037e+11 1.244707434684052126e-17
6.309573444801994629e+11 2.355896203197707761e-21
1.584893192461123765e+08 2.245677384160012188e-12
3.981071705534985662e+08 1.079926853523147843e-12
1.000000000000008225e+09 5.426138561321894190e-13
2.511886431509592533e+09 5.794473534283842281e-12
6.309573444801994324e+09 1.767266358632417204e-12
1.584893192461123848e+10 4.071178499737794316e-13
3.981071705535018158e+10 4.697728577562213609e-14
1.000000000000008240e+11 1.845318316310848672e-15
2.511886431509613037e+11 9.513828030710516420e-18
6.309573444801994629e+11 3.423286488884977251e-21
1.584893192461123765e+08 3.743903863504464683e-12
3.981071705534985662e+08 1.862246725395085567e-12
1.000000000000008225e+09 6.082546655686534963e-13
2.511886431509592533e+09 4.319415293979226466e-12
6.309573444801994324e+09 1.620917331846338049e-12
1.584893192461123848e+10 3.606713420051709797e-13
3.981071705535018158e+10 3.791119654433833290e-14
1.000000000000008240e+11 1.342413911442157781e-15
2.511886431509613037e+11 9.366459053003308640e-18
6.309573444801994629e+11 6.005774345421237075e-21
1.584893192461123765e+08 7.837391434167444218e-13
3.981071705534985662e+08 7.453713363435695435e-13
1.000000000000008225e+09 4.820466487411952267e-13
2.511886431509592533e+09 1.433140408400348820e-12
6.309573444801994324e+09 1.419388241949090753e-12
1.584893192461123848e+10 3.143286212198719418e-13
3.981071705535018158e+10 2.897497048696996146e-14
1.000000000000008240e+11 7.743443086205557051e-16
2.511886431509613037e+11 3.093589660438469248e-18
6.309573444801994629e+11 1.493635336513035084e-21
