1.584893192461123765e+08 1.357875803243769669e-10
3.981071705534985662e+08 6.432272762539850471e-11
1.000000000000008225e+09 1.942444235376660541e-11
2.511886431509592533e+09 6.018874696361820223e-12
6.309573444801994324e+09 1.954752686333471634e-12
1.584893192461123848e+10 5.269693884838107503e-13
3.981071705535018158e+10 9.060241629622401690e-14
1.000000000000008240e+11 7.947409416890743794e-15
2.511886431509613037e+11 1.522761870766073106e-16
6.309573444801994629e+11 8.978174045952762138e-20
1.584893192461123765e+08 1.365185225453336020e-10
3.981071705534985662e+08 6.919552838886954289e-11
1.000000000000008225e+09 2.076269260696071005e-11
2.511886431509592533e+09 6.266233761885301204e-12
6.309573444801994324e+09 1.980973742529265320e-12
1.584893192461123848e+10 5.219095643274693614e-13
3.981071705535018158e+10 8.378728048174792575e-14
1.000000000000008240e+11 6.330310291221299521e-15
2.511886431509613037e+11 9.179602505657949144e-17
6.309573444801994629e+11 3.396269796857538144e-20
1.584893192461123765e+08 8.522250913497248061e-11
3.981071705534985662e+08 6.975896696358782433e-11
1.000000000000008225e+09 2.087517606928537878e-11
2.511886431509592533e+09 6.266728128530618924e-12
6.309573444801994324e+09 1.939249591723517167e-12
1.584893192461123848e+10 4.928191785943628424e-13
3.981071705535018158e+10 7.235082070787212146e-14
1.000000000000008240e+11 4.565537874562384953e-15
2.511886431509613037e+11 4.672684351088255153e-17
6.309573444801994629e+11 9.678348266797410343e-21
1.584893192461123765e+08 2.096273626478589127e-11
3.981071705534985662e+08 6.975326837768404153e-11
1.000000000000008225e+09 2.094235726653004744e-11
2.511886431509592533e+09 6.258208362519146840e-12
6.309573444801994324e+09 1.909952815079273513e-12
1.584893192461123848e+10 4.736410421656243798e-13
3.981071705535018158e+10 6.542495088826615679e-14
1.000000000000008240e+11 3.627075518177092903e-15
2.511886431509613037e+11 2.828413315942473336e-17
6.309573444801994629e+11 3.611792700635874419e-21
1.584893192461123765e+08 7.771168893359670779e-12
3.981071705534985662e+08 6.604484111495513321e-11
1.000000000000008225e+09 2.044805080088429197e-11
2.511886431509592533e+09 6.179557617625060230e-12
6.309573444801994324e+09 1.866393441751644989e-12
1.584893192461123848e+10 4.531243652011705949e-13
3.981071705535018158e+10 5.961086811385744877e-14
1.000000000000008240e+11 3.014455053311426845e-15
2.511886431509613037e+11 2.024258610887717192e-17
6.309573444801994629e+11 2.728877177918744472e-21
1.584893192461123765e+08 4.634851992779917400e-12
3.981071705534985662e+08 3.621082003180827906e-11
1.000000000000008225e+09 1.881336579459736216e-11
2.511886431509592533e+09 6.012753993804143863e-12
6.309573444801994324e+09 1.777653018174561921e-12
1.584893192461123848e+10 4.137503793082815080e-13
3.981071705535018158e+10 4.951939885029204833e-14
1.000000000000008240e+11 2.129054059919287906e-15
2.511886431509613037e+11 1.214331729045165977e-17
6.309573444801994629e+11 2.725018172819843433e-21
1.584893192461123765e+08 3.332779049307655602e-12
3.981071705534985662e+08 6.061782894346611186e-12
1.000000000000008225e+09 1.887574711883693270e-11
2.511886431509592533e+09 5.880775541773793988e-12
6.309573444801994324e+09 1.719888749040400151e-12
1.584893192461123848e+10 3.891955932077742011e-13
3.981071705535018158e+10 4.349566278780077958e-14
1.000000000000008240e+11 1.646848423782081805e-15
2.511886431509613037e+11 9.110651419923008552e-18
6.309573444801994629e+11 3.816315488406087473e-21
1.584893192461123765e+08 4.397854435423962479e-12
3.981071705534985662e+08 6.368504721690969050e-12
1.000000000000008225e+09 1.374053896351554650e-11
2.511886431509592533e+09 5.536223305143652496e-12
6.309573444801994324e+09 1.592151474972424229e-12
1.584893192461123848e+10 3.440032371983539274e-13
3.981071705535018158e+10 3.490574002465289714e-14
1.000000000000008240e+11 1.174636059928220375e-15
2.511886431509613037e+11 7.435489582735902721e-18
6.309573444801994629e+11 3.693817162996638720e-21
1.584893192461123765e+08 4.249211028442581934e-12
3.981071705534985662e+08 7.583885207200009430e-12
1.000000000000008225e+09 8.557555650090637723e-12
2.511886431509592533e+09 5.008678359149228546e-12
6.309573444801994324e+09 1.483888726734711363e-12
1.584893192461123848e+10 3.096440120126223712e-13
3.981071705535018158e+10 2.948255956106457495e-14
1.000000000000008240e+11 9.378506138199866870e-16
2.511886431509613037e+11 5.888949635811141642e-18
6.309573444801994629e+11 2.302166463729331100e-21
1.584893192461123765e+08 3.262851115841429822e-12
3.981071705534985662e+08 8.633031926731561976e-12
1.000000000000008225e+09 6.588008738893826388e-12
2.511886431509592533e+09 3.941645592240310516e-12
6.309573444801994324e+09 1.346736925510594012e-12
1.584893192461123848e+10 2.723045800529045406e-13
3.981071705535018158e+10 2.512639831646450303e-14
1.000000000000008240e+11 8.410144478184645485e-16
2.511886431509613037e+11 5.994449763948023992e-18
6.309573444801994629e+11 2.763213395592430286e-21
