1.584893192461123765e+08 1.381366485857476634e-10
3.981071705534985662e+08 4.363718747388214611e-11
1.000000000000008225e+09 1.372836713187799624e-11
2.511886431509592533e+09 4.236222079392437987e-12
6.309573444801994324e+09 1.210595268990416740e-12
1.584893192461123848e+10 2.145885028924980704e-13
3.981071705535018158e+10 8.727445497190300180e-15
1.000000000000008240e+11 3.997442999737425460e-17
2.511886431509613037e+11 5.850690932064577695e-21
6.309573444801994629e+11 9.580060047634703729e-27
1.584893192461123765e+08 1.352579441361608652e-10
3.981071705534985662e+08 4.533110312785717510e-11
1.000000000000008225e+09 1.415425513555443438e-11
2.511886431509592533e+09 4.286362934533409633e-12
6.309573444801994324e+09 1.201575838331908059e-12
1.584893192461123848e+10 2.089957312858253697e-13
3.981071705535018158e+10 7.937904616642611758e-15
1.000000000000008240e+11 3.079382789932451317e-17
2.511886431509613037e+11 3.393159961779946477e-21
6.309573444801994629e+11 4.195304917386234966e-27
1.584893192461123765e+08 8.212217565070454187e-11
3.981071705534985662e+08 4.412772442771415512e-11
1.000000000000008225e+09 1.375436889915949832e-11
2.511886431509592533e+09 4.143533321135344037e-12
6.309573444801994324e+09 1.142696752981779828e-12
1.584893192461123848e+10 1.928070425952085567e-13
3.981071705535018158e+10 6.710192889068360551e-15
1.000000000000008240e+11 2.151293227794658451e-17
2.511886431509613037e+11 1.707453620575858057e-21
6.309573444801994629e+11 1.506589595554139773e-27
1.584893192461123765e+08 1.940746909820937711e-11
3.981071705534985662e+08 4.320277421901945642e-11
1.000000000000008225e+09 1.350526021112963544e-11
2.511886431509592533e+09 4.050647841509753451e-12
6.309573444801994324e+09 1.104629633406754801e-12
1.584893192461123848e+10 1.823879260402753005e-13
3.981071705535018158e+10 5.980887239384307225e-15
1.000000000000008240e+11 1.676794279547075483e-17
2.511886431509613037e+11 1.046861994179082050e-21
6.309573444801994629e+11 7.059491113412260899e-28
1.584893192461123765e+08 7.416659923567559440e-12
3.981071705534985662e+08 4.038376738224722156e-11
1.000000000000008225e+09 1.298685139181234834e-11
2.511886431509592533e+09 3.933226731967210145e-12
6.309573444801994324e+09 1.063111556459065649e-12
1.584893192461123848e+10 1.721533827296911755e-13
3.981071705535018158e+10 5.383691181033310270e-15
1.000000000000008240e+11 1.381522659856860964e-17
2.511886431509613037e+11 7.681711808452142155e-22
6.309573444801994629e+11 5.024998492746881683e-28
1.584893192461123765e+08 4.601266979582456307e-12
3.981071705534985662e+08 2.191520293251731990e-11
1.000000000000008225e+09 1.164846352158396121e-11
2.511886431509592533e+09 3.707740222367695853e-12
6.309573444801994324e+09 9.832976646403895352e-13
1.584893192461123848e+10 1.529938199908493461e-13
3.981071705535018158e+10 4.365920207741371040e-15
1.000000000000008240e+11 9.688770045794137854e-18
2.511886431509613037e+11 4.859401111399531903e-22
6.309573444801994629e+11 3.796256221901078491e-28
1.584893192461123765e+08 3.399417966305057176e-12
3.981071705534985662e+08 3.770145585665808501e-12
1.000000000000008225e+09 1.143125865832617460e-11
2.511886431509592533e+09 3.555487348423478080e-12
6.309573444801994324e+09 9.332167283421764772e-13
1.584893192461123848e+10 1.412289418872589238e-13
3.981071705535018158e+10 3.763528727221341662e-15
1.000000000000008240e+11 7.496417648166985588e-18
2.511886431509613037e+11 3.840603270803375821e-22
6.309573444801994629e+11 4.230013323135987567e-28
1.584893192461123765e+08 4.423089815412359736e-12
3.981071705534985662e+08 3.997961767415767034e-12
1.000000000000008225e+09 8.214942814868225909e-12
2.511886431509592533e+09 3.249059903040475042e-12
6.309573444801994324e+09 8.381903247791768772e-13
1.584893192461123848e+10 1.210135357174192709e-13
3.981071705535018158e+10 2.945884082344296322e-15
1.000000000000008240e+11 5.418878375650906616e-18
2.511886431509613037e+11 3.109185147864142356e-22
6.309573444801994629e+11 3.972671975569910205e-28
1.584893192461123765e+08 4.213461201354044971e-12
3.981071705534985662e+08 4.728130373652265281e-12
1.000000000000008225e+09 5.161744968074186994e-12
2.511886431509592533e+09 2.893633723721042447e-12
6.309573444801994324e+09 7.638300931352166307e-13
1.584893192461123848e+10 1.064596028005450244e-13
3.981071705535018158e+10 2.453013002939163844e-15
1.000000000000008240e+11 4.348173849767721523e-18
2.511886431509613037e+11 2.399656550022672359e-22
6.309573444801994629e+11 2.678109773889709862e-28
1.584893192461123765e+08 3.271024065406662037e-12
3.981071705534985662e+08 5.329099341770822363e-12
1.000000000000008225e+09 4.043520963335958371e-12
2.511886431509592533e+09 2.283468913688433510e-12
6.309573444801994324e+09 6.792061794553825953e-13
1.584893192461123848e+10 9.199488480930227186e-14
3.981071705535018158e+10 2.091706725483861267e-15
1.000000000000008240e+11 3.923168456464312025e-18
2.511886431509613037e+11 2.437948653970957145e-22
6.309573444801994629e+11 3.041804806226911090e-28
