1.584893192461123765e+08 1.653979458327297165e-10
3.981071705534985662e+08 5.859278976700151917e-11
1.000000000000008225e+09 1.519503043223178440e-11
2.511886431509592533e+09 4.429735035416645893e-12
6.309573444801994324e+09 2.141680773133312115e-12
1.584893192461123848e+10 6.105640153855637983e-13
3.981071705535018158e+10 1.408274542375144905e-13
1.000000000000008240e+11 6.541443016551545335e-15
2.511886431509613037e+11 4.424180147135815520e-17
6.309573444801994629e+11 1.510547032928988151e-19
1.584893192461123765e+08 0.000000000000000000e+00
3.981071705534985662e+08 7.790968590561270021e-11
1.000000000000008225e+09 1.694803580791217375e-11
2.511886431509592533e+09 3.918683342109215090e-12
6.309573444801994324e+09 1.223544070077776325e-12
1.584893192461123848e+10 3.981806955650284599e-13
3.981071705535018158e+10 6.849816864162379126e-14
1.000000000000008240e+11 3.514352696409699871e-15
2.511886431509613037e+11 2.772462423099802992e-17
6.309573444801994629e+11 0.000000000000000000e+00
1.584893192461123765e+08 0.000000000000000000e+00
3.981071705534985662e+08 0.000000000000000000e+00
1.000000000000008225e+09 2.088341065226616725e-11
2.511886431509592533e+09 4.623913616740922991e-12
6.309573444801994324e+09 1.383673447824475278e-12
1.584893192461123848e+10 4.416982838456144501e-13
3.981071705535018158e+10 8.274886987560530871e-14
1.000000000000008240e+11 3.868948571730347608e-15
2.511886431509613037e+11 3.950461636366265554e-17
6.309573444801994629e+11 1.012472384828702704e-19
1.584893192461123765e+08 0.000000000000000000e+00
3.981071705534985662e+08 0.000000000000000000e+00
1.000000000000008225e+09 2.801639739502502092e-11
2.511886431509592533e+09 5.328391498622510560e-12
6.309573444801994324e+09 1.053376591471585280e-12
1.584893192461123848e+10 3.283232088571559502e-13
3.981071705535018158e+10 5.873585696662900528e-14
1.000000000000008240e+11 2.616335548435095052e-15
2.511886431509613037e+11 2.456005108291573381e-17
6.309573444801994629e+11 1.251524152994428098e-19
1.584893192461123765e+08 0.000000000000000000e+00
3.981071705534985662e+08 0.000000000000000000e+00
1.000000000000008225e+09 0.000000000000000000e+00
2.511886431509592533e+09 8.643099740359369554e-12
6.309573444801994324e+09 1.310907958633462114e-12
1.584893192461123848e+10 2.781543988463019037e-13
3.981071705535018158e+10 6.567273373475694271e-14
1.000000000000008240e+11 3.396156493666030479e-15
2.511886431509613037e+11 2.488007171811958257e-17
6.309573444801994629e+11 7.405558844761651680e-20
1.584893192461123765e+08 0.000000000000000000e+00
3.981071705534985662e+08 0.000000000000000000e+00
1.000000000000008225e+09 0.000000000000000000e+00
2.511886431509592533e+09 1.030762875619163334e-11
6.309573444801994324e+09 2.071901442675071839e-12
1.584893192461123848e+10 4.429463593524669665e-13
3.981071705535018158e+10 7.244932488379476643e-14
1.000000000000008240e+11 2.936856235865423847e-15
2.511886431509613037e+11 2.084653931319675691e-17
6.309573444801994629e+11 4.422286029383144237e-20
1.584893192461123765e+08 0.000000000000000000e+00
3.981071705534985662e+08 0.000000000000000000e+00
1.000000000000008225e+09 0.000000000000000000e+00
2.511886431509592533e+09 0.000000000000000000e+00
6.309573444801994324e+09 0.000000000000000000e+00
1.584893192461123848e+10 4.557347658203448231e-13
3.981071705535018158e+10 7.540101974839090077e-14
1.000000000000008240e+11 3.223516955184593179e-15
2.511886431509613037e+11 1.780244485963345369e-17
6.309573444801994629e+11 9.086257630773524417e-21
1.584893192461123765e+08 0.000000000000000000e+00
3.981071705534985662e+08 0.000000000000000000e+00
1.000000000000008225e+09 0.000000000000000000e+00
2.511886431509592533e+09 0.000000000000000000e+00
6.309573444801994324e+09 0.000000000000000000e+00
1.584893192461123848e+10 0.000000000000000000e+00
3.981071705535018158e+10 0.000000000000000000e+00
1.000000000000008240e+11 2.959616089057253703e-15
2.511886431509613037e+11 1.267766301585557525e-17
6.309573444801994629e+11 0.000000000000000000e+00
1.584893192461123765e+08 0.000000000000000000e+00
3.981071705534985662e+08 0.000000000000000000e+00
1.000000000000008225e+09 0.000000000000000000e+00
2.511886431509592533e+09 0.000000000000000000e+00
6.309573444801994324e+09 0.000000000000000000e+00
1.584893192461123848e+10 0.000000000000000000e+00
3.981071705535018158e+10 1.165263505349911251e-13
1.000000000000008240e+11 4.793427666898341603e-15
2.511886431509613037e+11 1.744600700036753743e-17
6.309573444801994629e+11 2.671300186297249993e-20
1.584893192461123765e+08 0.000000000000000000e+00
3.981071705534985662e+08 0.000000000000000000e+00
1.000000000000008225e+09 0.000000000000000000e+00
2.511886431509592533e+09 0.000000000000000000e+00
6.309573444801994324e+09 0.000000000000000000e+00
1.584893192461123848e+10 0.000000000000000000e+00
3.981071705535018158e+10 2.190954681760725648e-14
1.000000000000008240e+11 1.380549860474610418e-15
2.511886431509613037e+11 5.538390606878499027e-18
6.309573444801994629e+11 8.061692921113246087e-21
