1.556701371508241302e-26
2.524281754533428291e-27
2.593943738012287630e-28
2.862542698321088683e-29
6.400309442272789682e-30
5.454081225984661614e-31
6.837488254921733203e-32
1.492923332690247656e-33
3.311757832973271295e-36
4.965093088990680660e-39
1.332359605846983982e-26
2.335869030385177258e-27
2.039665693903843068e-28
2.114546424898102310e-29
2.886515066780389768e-30
2.707283571732693096e-31
2.151656353620918342e-32
4.993048417030966150e-34
1.405375442101310958e-36
0.000000000000000000e+00
2.518601590154839081e-27
1.757691839778357887e-27
1.803273622667864414e-28
1.807470509585564167e-29
2.012800529465102528e-30
2.589332027537888879e-31
1.534523589824382295e-32
3.348800451631168551e-34
1.348347332449899695e-36
2.208635611091068841e-39
9.099105613571898271e-29
1.041280310662419711e-27
1.996729284173693568e-28
1.632235805975772988e-29
1.543998978259757042e-30
1.525393820700733771e-31
1.456948398403608988e-32
3.407141925320408857e-34
1.074566015348120901e-36
1.957181146465833533e-39
3.009081269984163439e-29
6.776661341017627938e-28
4.119414345919073238e-28
4.334847447582103087e-29
1.903184233458648175e-30
2.343287897889012406e-31
1.687500534833939942e-32
4.129394969128106700e-34
1.175820333182895805e-36
1.353062414801503814e-39
2.463560543856805684e-29
1.523203981895628343e-28
2.045225181081420838e-28
3.239051880889127211e-29
2.826977844197977906e-30
2.232040676393881991e-31
1.860851977221862975e-32
2.977932906609305211e-34
7.354082564678076651e-37
5.531479544453802940e-40
1.178183575097894685e-29
9.318073616605848299e-30
4.931601509361276574e-29
1.242619316372193100e-29
1.399094276713220336e-30
1.639623602094221729e-31
1.057645753508099515e-32
2.271636789823002098e-34
4.069155701072257956e-37
9.288834345716212873e-41
8.042672782161920413e-30
9.625329794553422072e-31
1.488001695287984883e-29
1.146925748111976373e-29
1.497392297573429260e-30
1.283787953612559614e-31
6.886497967215794317e-33
1.420320519457842460e-34
2.498760944514653177e-37
0.000000000000000000e+00
3.064967170242410272e-30
1.184472240894704574e-30
4.516630801512026447e-30
1.919993955016508302e-30
6.636297314635526373e-31
1.167999149429386779e-31
9.383287530388299369e-33
1.785164610159525823e-34
2.636904988234955222e-37
1.195967569258244387e-40
6.045476081030727934e-32
3.304809740569047130e-31
2.828513394459917628e-31
1.507098029210116953e-31
3.816400046863385681e-32
5.585309753837895088e-33
4.659085706503439718e-34
1.251705680208926134e-35
1.810520318096669586e-38
1.021367985685785583e-41
