2.275067377900000196e+06
1.331164267499999842e+06
5.688616010999999708e+05
5.326620474999999860e+05
1.012665274999999965e+05
4.186583600000000843e+03
1.308363999999999976e+02
5.211599999999999788e+00
0.000000000000000000e+00
0.000000000000000000e+00
7.862431970999997575e+05
2.439368597599999513e+06
9.081956823999999324e+05
5.283741618999999482e+05
1.191285203999999940e+05
1.284153100000000222e+03
1.977900000000000214e+00
0.000000000000000000e+00
0.000000000000000000e+00
0.000000000000000000e+00
0.000000000000000000e+00
2.920404977600000333e+06
1.415283982400000095e+06
9.398195655999999726e+05
1.186117716000000073e+05
9.305179000000000542e+02
0.000000000000000000e+00
0.000000000000000000e+00
0.000000000000000000e+00
0.000000000000000000e+00
0.000000000000000000e+00
2.322365645899998955e+06
1.358185838399999775e+06
6.504339658999999519e+05
1.725815051000000094e+05
2.027499999999999773e+03
0.000000000000000000e+00
0.000000000000000000e+00
0.000000000000000000e+00
0.000000000000000000e+00
0.000000000000000000e+00
2.412979849900000263e+06
2.429441393900000025e+06
6.095807284000000218e+05
1.297226756000000169e+05
1.340110000000000582e+03
0.000000000000000000e+00
0.000000000000000000e+00
0.000000000000000000e+00
0.000000000000000000e+00
0.000000000000000000e+00
1.762493593899999745e+06
4.083640122400000691e+06
9.942844100000001490e+05
1.587673971000000020e+05
3.175153100000000450e+03
1.136990000000000300e+01
0.000000000000000000e+00
0.000000000000000000e+00
0.000000000000000000e+00
0.000000000000000000e+00
7.341240675000001211e+05
3.248466762399999425e+06
1.534789781100000255e+06
3.710230690999999642e+05
2.303393900000000485e+03
1.909899999999999709e+00
0.000000000000000000e+00
0.000000000000000000e+00
0.000000000000000000e+00
0.000000000000000000e+00
0.000000000000000000e+00
3.961383166399999987e+06
1.399299601600000635e+06
1.213681698999999790e+05
4.052531000000001313e+02
2.555710000000000193e+01
0.000000000000000000e+00
0.000000000000000000e+00
0.000000000000000000e+00
0.000000000000000000e+00
0.000000000000000000e+00
4.374120249100000598e+06
1.844198789899999741e+06
3.083543690999999526e+05
1.411487600000000157e+03
4.783309999999998752e+01
0.000000000000000000e+00
0.000000000000000000e+00
0.000000000000000000e+00
0.000000000000000000e+00
0.000000000000000000e+00
0.000000000000000000e+00
1.547013802400000161e+06
4.548297215999998734e+05
5.527273390000001382e+04
1.309380000000000109e+03
1.564330999999999960e+02
2.780989999999999895e+01
2.339599999999999902e+00
