2.330122759999999776e+06
3.027541829100000206e+06
1.375825993100000080e+06
9.225966459000000032e+05
1.431330115999999980e+05
4.144317900000000009e+03
1.361274999999999693e+02
6.353099999999999525e+00
0.000000000000000000e+00
0.000000000000000000e+00
0.000000000000000000e+00
2.981994917900000233e+06
1.385818988400000380e+06
7.431078864000001922e+05
1.763176583999999857e+05
1.841467499999999745e+03
0.000000000000000000e+00
0.000000000000000000e+00
0.000000000000000000e+00
0.000000000000000000e+00
0.000000000000000000e+00
2.098632807499999646e+06
2.090253933100000024e+06
8.989502131000000518e+05
1.735349444000000076e+05
1.640781099999999924e+03
0.000000000000000000e+00
0.000000000000000000e+00
0.000000000000000000e+00
0.000000000000000000e+00
0.000000000000000000e+00
2.323629204400000162e+06
2.725355599599999841e+06
7.501006699000000954e+05
1.306096818999999959e+05
1.020782400000000166e+03
0.000000000000000000e+00
0.000000000000000000e+00
0.000000000000000000e+00
0.000000000000000000e+00
0.000000000000000000e+00
1.839646849899999797e+06
2.758056780400000047e+06
1.323516049100000178e+06
2.679729296000000322e+05
3.663865900000000238e+03
1.469639999999999880e+01
0.000000000000000000e+00
0.000000000000000000e+00
0.000000000000000000e+00
0.000000000000000000e+00
0.000000000000000000e+00
3.262937319599999581e+06
1.342411507599999895e+06
2.518297576000000408e+05
1.987745900000000347e+03
3.353899999999999437e+00
0.000000000000000000e+00
0.000000000000000000e+00
0.000000000000000000e+00
0.000000000000000000e+00
0.000000000000000000e+00
4.190805299999999814e+06
1.738295239599999739e+06
3.215486011000000290e+05
7.469084000000001424e+02
5.255559999999999832e+01
0.000000000000000000e+00
0.000000000000000000e+00
0.000000000000000000e+00
0.000000000000000000e+00
0.000000000000000000e+00
2.049516457100000000e+06
1.722763333899999969e+06
1.409700323999999964e+05
1.063785900000000083e+03
8.401899999999999480e+00
0.000000000000000000e+00
0.000000000000000000e+00
0.000000000000000000e+00
0.000000000000000000e+00
0.000000000000000000e+00
1.286841249899999937e+06
1.009008373099999852e+06
1.097018744000000297e+05
1.594920000000000073e+03
1.956749999999999901e+01
0.000000000000000000e+00
0.000000000000000000e+00
0.000000000000000000e+00
0.000000000000000000e+00
0.000000000000000000e+00
0.000000000000000000e+00
5.978121851000000024e+05
1.968953164000000106e+05
5.684265000000000146e+04
1.236220000000000027e+03
1.377874999999999943e+02
2.767709999999999937e+01
2.000399999999999956e+00
