1.005811732975813746e+08 3.951883204927202330e-10
4.004208631245089769e+08 5.743066524029362053e-11
1.594104168490880013e+09 7.094316762818980065e-12
6.346243000854365349e+09 1.199600244260560267e-12
2.526484844715075684e+10 6.581729572221186973e-14
1.005811732975805664e+11 5.563343788068828964e-16
4.004208631245090332e+11 5.679385415169970578e-18
1.594104168490866943e+12 6.027875139582644378e-20
6.346243000854365234e+12 0.000000000000000000e+00
2.526484844715054688e+13 0.000000000000000000e+00
1.005811732975813746e+08 1.318617201300220730e-10
4.004208631245089769e+08 7.776751878479291363e-11
1.594104168490880013e+09 7.458315946132970779e-12
6.346243000854365349e+09 1.079061687262962483e-12
2.526484844715075684e+10 4.811306507015040892e-14
1.005811732975805664e+11 1.776475849408263143e-16
4.004208631245090332e+11 6.050583840044823540e-20
1.594104168490866943e+12 0.000000000000000000e+00
6.346243000854365234e+12 0.000000000000000000e+00
2.526484844715054688e+13 0.000000000000000000e+00
1.005811732975813746e+08 0.000000000000000000e+00
4.004208631245089769e+08 7.692962886966458750e-11
1.594104168490880013e+09 9.093505405015871635e-12
6.346243000854365349e+09 1.253661395063557086e-12
2.526484844715075684e+10 5.036122935139814612e-14
1.005811732975805664e+11 1.023660650971537237e-16
4.004208631245090332e+11 0.000000000000000000e+00
1.594104168490866943e+12 0.000000000000000000e+00
6.346243000854365234e+12 0.000000000000000000e+00
2.526484844715054688e+13 0.000000000000000000e+00
1.005811732975813746e+08 0.000000000000000000e+00
4.004208631245089769e+08 5.446859217903539364e-11
1.594104168490880013e+09 9.196270121297559796e-12
6.346243000854365349e+09 1.060373076512496329e-12
2.526484844715075684e+10 5.174222962476255042e-14
1.005811732975805664e+11 1.375289237385986523e-16
4.004208631245090332e+11 0.000000000000000000e+00
1.594104168490866943e+12 0.000000000000000000e+00
6.346243000854365234e+12 0.000000000000000000e+00
2.526484844715054688e+13 0.000000000000000000e+00
1.005811732975813746e+08 0.000000000000000000e+00
4.004208631245089769e+08 6.195096408647276723e-11
1.594104168490880013e+09 1.479548143699492495e-11
6.346243000854365349e+09 1.043785162905305346e-12
2.526484844715075684e+10 4.572993016056742245e-14
1.005811732975805664e+11 1.087005612149154297e-16
4.004208631245090332e+11 0.000000000000000000e+00
1.594104168490866943e+12 0.000000000000000000e+00
6.346243000854365234e+12 0.000000000000000000e+00
2.526484844715054688e+13 0.000000000000000000e+00
1.005811732975813746e+08 0.000000000000000000e+00
4.004208631245089769e+08 2.870922956170869935e-11
1.594104168490880013e+09 1.674874673506494288e-11
6.346243000854365349e+09 1.453779156897183616e-12
2.526484844715075684e+10 6.312143993078488311e-14
1.005811732975805664e+11 2.304334226554537231e-16
4.004208631245090332e+11 2.732136287351188372e-19
1.594104168490866943e+12 0.000000000000000000e+00
6.346243000854365234e+12 0.000000000000000000e+00
2.526484844715054688e+13 0.000000000000000000e+00
1.005811732975813746e+08 0.000000000000000000e+00
4.004208631245089769e+08 7.839340313211041481e-12
1.594104168490880013e+09 1.225078215175568162e-11
6.346243000854365349e+09 1.010177042929533922e-12
2.526484844715075684e+10 6.466193053437877464e-14
1.005811732975805664e+11 1.256601653689101856e-16
4.004208631245090332e+11 2.405823661367488744e-20
1.594104168490866943e+12 0.000000000000000000e+00
6.346243000854365234e+12 0.000000000000000000e+00
2.526484844715054688e+13 0.000000000000000000e+00
1.005811732975813746e+08 0.000000000000000000e+00
4.004208631245089769e+08 0.000000000000000000e+00
1.594104168490880013e+09 1.024101822980847411e-11
6.346243000854365349e+09 8.835640904443619720e-13
2.526484844715075684e+10 2.293864623231274178e-14
1.005811732975805664e+11 1.787683512992670703e-17
4.004208631245090332e+11 2.806536225074784502e-19
1.594104168490866943e+12 0.000000000000000000e+00
6.346243000854365234e+12 0.000000000000000000e+00
2.526484844715054688e+13 0.000000000000000000e+00
1.005811732975813746e+08 0.000000000000000000e+00
4.004208631245089769e+08 0.000000000000000000e+00
1.594104168490880013e+09 6.333615800236563785e-12
6.346243000854365349e+09 8.849177563556055258e-13
2.526484844715075684e+10 3.581448487796148998e-14
1.005811732975805664e+11 3.697142293762182839e-17
4.004208631245090332e+11 2.687726271106879138e-19
1.594104168490866943e+12 0.000000000000000000e+00
6.346243000854365234e+12 0.000000000000000000e+00
2.526484844715054688e+13 0.000000000000000000e+00
1.005811732975813746e+08 0.000000000000000000e+00
4.004208631245089769e+08 0.000000000000000000e+00
1.594104168490880013e+09 0.000000000000000000e+00
6.346243000854365349e+09 2.170966867453360107e-13
2.526484844715075684e+10 9.848516646782132979e-15
1.005811732975805664e+11 3.665584109515374096e-16
4.004208631245090332e+11 2.296412979508365947e-18
1.594104168490866943e+12 7.461741881717428286e-20
6.346243000854365234e+12 3.703716109028259247e-21
2.526484844715054688e+13 5.638372266928234853e-23
