1.005811732975813746e+08 1.815289893187575357e-10
4.004208631245089769e+08 6.467883856021899561e-11
1.594104168490880013e+09 6.998084405142205558e-12
6.346243000854365349e+09 1.123794561047496703e-12
2.526484844715075684e+10 5.673426464071259126e-14
1.005811732975805664e+11 3.770220294188873301e-16
4.004208631245090332e+11 3.238500567351242617e-18
1.594104168490866943e+12 3.389477347319043660e-20
6.346243000854365234e+12 0.000000000000000000e+00
2.526484844715054688e+13 0.000000000000000000e+00
1.005811732975813746e+08 0.000000000000000000e+00
4.004208631245089769e+08 7.432197708625438017e-11
1.594104168490880013e+09 8.726328049275079714e-12
6.346243000854365349e+09 1.208696572297632575e-12
2.526484844715075684e+10 5.022017070290871041e-14
1.005811732975805664e+11 1.388421082976924191e-16
4.004208631245090332e+11 0.000000000000000000e+00
1.594104168490866943e+12 0.000000000000000000e+00
6.346243000854365234e+12 0.000000000000000000e+00
2.526484844715054688e+13 0.000000000000000000e+00
1.005811732975813746e+08 0.000000000000000000e+00
4.004208631245089769e+08 5.033916880885481576e-11
1.594104168490880013e+09 9.257349344493110057e-12
6.346243000854365349e+09 1.160459938763714729e-12
2.526484844715075684e+10 5.534542412299970589e-14
1.005811732975805664e+11 1.378171996194648642e-16
4.004208631245090332e+11 0.000000000000000000e+00
1.594104168490866943e+12 0.000000000000000000e+00
6.346243000854365234e+12 0.000000000000000000e+00
2.526484844715054688e+13 0.000000000000000000e+00
1.005811732975813746e+08 0.000000000000000000e+00
4.004208631245089769e+08 5.538164787125447043e-11
1.594104168490880013e+09 1.296896129026511781e-11
6.346243000854365349e+09 9.667823965498480609e-13
2.526484844715075684e+10 4.356096509071272085e-14
1.005811732975805664e+11 1.014889878671779543e-16
4.004208631245090332e+11 0.000000000000000000e+00
1.594104168490866943e+12 0.000000000000000000e+00
6.346243000854365234e+12 0.000000000000000000e+00
2.526484844715054688e+13 0.000000000000000000e+00
1.005811732975813746e+08 0.000000000000000000e+00
4.004208631245089769e+08 2.880830499882814599e-11
1.594104168490880013e+09 1.630358133975369341e-11
6.346243000854365349e+09 1.455840539603689421e-12
2.526484844715075684e+10 6.739348894612979977e-14
1.005811732975805664e+11 2.331621919627193861e-16
4.004208631245090332e+11 2.037643451453923638e-19
1.594104168490866943e+12 0.000000000000000000e+00
6.346243000854365234e+12 0.000000000000000000e+00
2.526484844715054688e+13 0.000000000000000000e+00
1.005811732975813746e+08 0.000000000000000000e+00
4.004208631245089769e+08 0.000000000000000000e+00
1.594104168490880013e+09 1.086243705073255065e-11
6.346243000854365349e+09 8.159625326410390367e-13
2.526484844715075684e+10 4.526587661342539977e-14
1.005811732975805664e+11 7.079914063615389525e-17
4.004208631245090332e+11 2.840884995630877210e-20
1.594104168490866943e+12 0.000000000000000000e+00
6.346243000854365234e+12 0.000000000000000000e+00
2.526484844715054688e+13 0.000000000000000000e+00
1.005811732975813746e+08 0.000000000000000000e+00
4.004208631245089769e+08 0.000000000000000000e+00
1.594104168490880013e+09 1.053184145865326535e-11
6.346243000854365349e+09 1.101342203308720318e-12
2.526484844715075684e+10 4.509266089437697185e-14
1.005811732975805664e+11 2.750501347509414664e-17
4.004208631245090332e+11 5.307152036399064351e-19
1.594104168490866943e+12 0.000000000000000000e+00
6.346243000854365234e+12 0.000000000000000000e+00
2.526484844715054688e+13 0.000000000000000000e+00
1.005811732975813746e+08 0.000000000000000000e+00
4.004208631245089769e+08 0.000000000000000000e+00
1.594104168490880013e+09 3.988924426305788669e-12
6.346243000854365349e+09 7.708945369080579153e-13
2.526484844715075684e+10 1.770356143756758114e-14
1.005811732975805664e+11 3.626559517156885288e-17
4.004208631245090332e+11 6.977493684925493353e-20
1.594104168490866943e+12 0.000000000000000000e+00
6.346243000854365234e+12 0.000000000000000000e+00
2.526484844715054688e+13 0.000000000000000000e+00
1.005811732975813746e+08 0.000000000000000000e+00
4.004208631245089769e+08 0.000000000000000000e+00
1.594104168490880013e+09 1.919090004134164746e-12
6.346243000854365349e+09 5.882465354859509815e-13
2.526484844715075684e+10 1.414608951527833021e-14
1.005811732975805664e+11 5.089053799136533696e-17
4.004208631245090332e+11 1.471104655107163287e-19
1.594104168490866943e+12 0.000000000000000000e+00
6.346243000854365234e+12 0.000000000000000000e+00
2.526484844715054688e+13 0.000000000000000000e+00
1.005811732975813746e+08 0.000000000000000000e+00
4.004208631245089769e+08 0.000000000000000000e+00
1.594104168490880013e+09 0.000000000000000000e+00
6.346243000854365349e+09 9.160662602305148956e-14
2.526484844715075684e+10 8.448395746894489456e-15
1.005811732975805664e+11 4.959116557921989739e-16
4.004208631245090332e+11 3.178708938749772199e-18
1.594104168490866943e+12 1.049111587289501214e-19
6.346243000854365234e+12 5.207378582114667164e-21
2.526484844715054688e+13 7.927480972210600694e-23
