1.698926027850774036e-26
1.877171586090010323e-27
1.753007399701563045e-28
2.322825992375433625e-29
2.993056147494813352e-30
5.325388102281911694e-31
2.975841856762683356e-32
5.563147128371952950e-34
1.391761398672894977e-36
1.146555198028350790e-39
2.407713187348650844e-26
2.030151873156263235e-27
2.449992407493738467e-28
1.746484716522119033e-29
2.704469703526683223e-30
2.859308887113481150e-31
2.302780086392542679e-32
5.620914512842385708e-34
1.846002063379426018e-36
1.100160750823273237e-39
2.148868362205498740e-26
3.240434500141390946e-27
2.514217364203170341e-28
2.279358956115168006e-29
2.107320216419731979e-30
2.089965045841298792e-31
1.980264011429429593e-32
2.741121118246483547e-34
9.876491878271072791e-37
1.756861605581577164e-39
1.833895462317087787e-26
5.572796224431061336e-27
5.687885865505504626e-28
4.039148922225190684e-29
1.736583901297031795e-30
2.237551985561475384e-31
1.345853731230769379e-32
4.833780172674758205e-34
8.168604248911906884e-37
1.369022615338335223e-39
4.157465142766217654e-27
1.289649013133541583e-27
2.233304333500383911e-28
3.239801916719403617e-29
2.321985066126020892e-30
2.265538096434696140e-31
1.719922421438240682e-32
1.733161561934838492e-34
5.630716016140233163e-37
2.837320635005895792e-40
4.041428467170278304e-28
3.143806333059485217e-28
1.248858358341306396e-28
1.544005630767076951e-29
1.917813354943815675e-30
1.607371894370097616e-31
8.719742582200510894e-33
1.394429416028305174e-34
2.877756904328017424e-37
4.060401284732258004e-41
6.854282956687522476e-29
2.256157109811476392e-28
9.806813849446330624e-29
2.092420227121908469e-29
1.456041158783961520e-30
1.503663161159493845e-31
1.215426803925823946e-32
2.499221832233662905e-34
2.962821421895973427e-37
4.666513293737129127e-41
2.222521877088317758e-28
1.371798191769082610e-28
3.879093328536663652e-29
1.020789235657621475e-29
1.574998615766587741e-30
1.175659916390067555e-31
9.086164130888059877e-33
1.310352816763803250e-34
2.118567823973143860e-37
1.279984076350140095e-40
6.105685262669107247e-28
2.095165445354997716e-28
4.180415752708030298e-29
1.340962710127199789e-29
1.227810927112477856e-30
7.915017222913810601e-32
3.932146860238582223e-33
9.991063265079789992e-35
1.452243430992921071e-37
9.433241505676522251e-41
7.008453815071425723e-29
3.195491178024297291e-29
5.780036368383146920e-30
1.033556760285750487e-30
1.589166812377179201e-31
8.129195475240624376e-33
3.675909401224230960e-34
9.251771108535161224e-36
1.328217613491069584e-38
8.059605622495589127e-42
