1.000000000000000078e-15 -2.530000000000000071e+01 5.860586128547374329e+01
4.000000000000000083e-02 -2.530000000000000071e+01 -1.016205710542265095e+01
8.000000000000000167e-02 -2.530000000000000071e+01 -1.173116536933360798e+01
1.199999999999999956e-01 -2.530000000000000071e+01 -1.267214779777827083e+01
1.600000000000000033e-01 -2.530000000000000071e+01 -1.335417488209998105e+01
2.000000000000000111e-01 -2.530000000000000071e+01 -1.389308425906564537e+01
2.399999999999999911e-01 -2.530000000000000071e+01 -1.434057604924260509e+01
2.800000000000000266e-01 -2.530000000000000071e+01 -1.472430589486459596e+01
3.200000000000000067e-01 -2.530000000000000071e+01 -1.506084143336792991e+01
3.599999999999999867e-01 -2.530000000000000071e+01 -1.536091626629438167e+01
4.000000000000000222e-01 -2.530000000000000071e+01 -1.563189706178046734e+01
4.400000000000000022e-01 -2.530000000000000071e+01 -1.587906893223286531e+01
4.799999999999999822e-01 -2.530000000000000071e+01 -1.610635948096512493e+01
5.200000000000000178e-01 -2.530000000000000071e+01 -1.631677230078954466e+01
5.600000000000000533e-01 -2.530000000000000071e+01 -1.651265957783502003e+01
5.999999999999999778e-01 -2.530000000000000071e+01 -1.669590059467854104e+01
6.400000000000000133e-01 -2.530000000000000071e+01 -1.686802265342137730e+01
6.800000000000000488e-01 -2.530000000000000071e+01 -1.703028539872429903e+01
7.199999999999999734e-01 -2.530000000000000071e+01 -1.718374110725974546e+01
7.600000000000000089e-01 -2.530000000000000071e+01 -1.732927874485925912e+01
8.000000000000000444e-01 -2.530000000000000071e+01 -1.746765678710398717e+01
8.399999999999999689e-01 -2.530000000000000071e+01 -1.759952809071279844e+01
8.800000000000000044e-01 -2.530000000000000071e+01 -1.772545903153508107e+01
9.200000000000000400e-01 -2.530000000000000071e+01 -1.784594443501237038e+01
9.599999999999999645e-01 -2.530000000000000071e+01 -1.796141937023407209e+01
1.000000000000000000e+00 -2.530000000000000071e+01 -1.807226857263999520e+01
1.040000000000000036e+00 -2.530000000000000071e+01 -1.817883405047348333e+01
1.080000000000000071e+00 -2.530000000000000071e+01 -1.828142128357590224e+01
1.120000000000000107e+00 -2.530000000000000071e+01 -1.838030431925177410e+01
1.159999999999999920e+00 -2.530000000000000071e+01 -1.847572999524075499e+01
1.199999999999999956e+00 -2.530000000000000071e+01 -1.856792146540002975e+01
1.239999999999999991e+00 -2.530000000000000071e+01 -1.865708116354538149e+01
1.280000000000000027e+00 -2.530000000000000071e+01 -1.874339331093787209e+01
1.320000000000000062e+00 -2.530000000000000071e+01 -1.882702605031131782e+01
1.360000000000000098e+00 -2.530000000000000071e+01 -1.890813327213219708e+01
1.400000000000000133e+00 -2.530000000000000071e+01 -1.898685618556190846e+01
1.439999999999999947e+00 -2.530000000000000071e+01 -1.906332467634207362e+01
1.479999999999999982e+00 -2.530000000000000071e+01 -1.913765848581319773e+01
1.520000000000000018e+00 -2.530000000000000071e+01 -1.920996823896907202e+01
1.560000000000000053e+00 -2.530000000000000071e+01 -1.928035634444529478e+01
1.600000000000000089e+00 -2.530000000000000071e+01 -1.934891778534402818e+01
1.640000000000000124e+00 -2.530000000000000071e+01 -1.941574081658465900e+01
1.679999999999999938e+00 -2.530000000000000071e+01 -1.948090758187183980e+01
1.719999999999999973e+00 -2.530000000000000071e+01 -1.954449466125869250e+01
1.760000000000000009e+00 -2.530000000000000071e+01 -1.960657355855418871e+01
1.800000000000000044e+00 -2.530000000000000071e+01 -1.966721113640154428e+01
1.840000000000000080e+00 -2.530000000000000071e+01 -1.972647000567978282e+01
1.880000000000000115e+00 -2.530000000000000071e+01 -1.978440887490449285e+01
1.919999999999999929e+00 -2.530000000000000071e+01 -1.984108286448985936e+01
1.959999999999999964e+00 -2.530000000000000071e+01 -1.989654379005207119e+01
2.000000000000000000e+00 -2.530000000000000071e+01 -1.995084041836020816e+01
