1.000000000000000078e-15 -2.650000000000000000e+01 5.980586128547374614e+01
2.999999999999999889e-02 -2.650000000000000000e+01 -8.320807305408344234e+00
5.999999999999999778e-02 -2.650000000000000000e+01 -9.874937415785083772e+00
8.999999999999999667e-02 -2.650000000000000000e+01 -1.080237154560612467e+01
1.199999999999999956e-01 -2.650000000000000000e+01 -1.147214779777827154e+01
1.499999999999999944e-01 -2.650000000000000000e+01 -1.199998494515264902e+01
1.799999999999999933e-01 -2.650000000000000000e+01 -1.243747598726395864e+01
2.099999999999999922e-01 -2.650000000000000000e+01 -1.281217972930268090e+01
2.399999999999999911e-01 -2.650000000000000000e+01 -1.314057604924260581e+01
2.700000000000000178e-01 -2.650000000000000000e+01 -1.343331885856891006e+01
2.999999999999999889e-01 -2.650000000000000000e+01 -1.369770235290890703e+01
3.299999999999999600e-01 -2.650000000000000000e+01 -1.393894566178745720e+01
3.599999999999999867e-01 -2.650000000000000000e+01 -1.416091626629438238e+01
3.900000000000000133e-01 -2.650000000000000000e+01 -1.436656294839345094e+01
4.199999999999999845e-01 -2.650000000000000000e+01 -1.455818791030529269e+01
4.499999999999999556e-01 -2.650000000000000000e+01 -1.473762484662146832e+01
4.799999999999999822e-01 -2.650000000000000000e+01 -1.490635948096512564e+01
5.100000000000000089e-01 -2.650000000000000000e+01 -1.506561354039094169e+01
5.400000000000000355e-01 -2.650000000000000000e+01 -1.521640472867373717e+01
5.699999999999999512e-01 -2.650000000000000000e+01 -1.535959049559710721e+01
5.999999999999999778e-01 -2.650000000000000000e+01 -1.549590059467854175e+01
6.300000000000000044e-01 -2.650000000000000000e+01 -1.562596171401547451e+01
6.599999999999999201e-01 -2.650000000000000000e+01 -1.575031639386436666e+01
6.899999999999999467e-01 -2.650000000000000000e+01 -1.586943775497899978e+01
7.199999999999999734e-01 -2.650000000000000000e+01 -1.598374110725974617e+01
7.500000000000000000e-01 -2.650000000000000000e+01 -1.609359320239401825e+01
7.800000000000000266e-01 -2.650000000000000000e+01 -1.619931968437195735e+01
8.099999999999999423e-01 -2.650000000000000000e+01 -1.630121114536791538e+01
8.399999999999999689e-01 -2.650000000000000000e+01 -1.639952809071279916e+01
8.699999999999999956e-01 -2.650000000000000000e+01 -1.649450504206783208e+01
8.999999999999999112e-01 -2.650000000000000000e+01 -1.658635395354593101e+01
9.299999999999999378e-01 -2.650000000000000000e+01 -1.667526707543044751e+01
9.599999999999999645e-01 -2.650000000000000000e+01 -1.676141937023407280e+01
9.899999999999999911e-01 -2.650000000000000000e+01 -1.684497056329834663e+01
1.020000000000000018e+00 -2.650000000000000000e+01 -1.692606689297750222e+01
1.050000000000000044e+00 -2.650000000000000000e+01 -1.700484261227276050e+01
1.080000000000000071e+00 -2.650000000000000000e+01 -1.708142128357590295e+01
1.109999999999999876e+00 -2.650000000000000000e+01 -1.715591690021071969e+01
1.139999999999999902e+00 -2.650000000000000000e+01 -1.722843486219089471e+01
1.169999999999999929e+00 -2.650000000000000000e+01 -1.729907282864535389e+01
1.199999999999999956e+00 -2.650000000000000000e+01 -1.736792146540003046e+01
1.229999999999999982e+00 -2.650000000000000000e+01 -1.743506510302496082e+01
1.260000000000000009e+00 -2.650000000000000000e+01 -1.750058231808820963e+01
1.290000000000000036e+00 -2.650000000000000000e+01 -1.756454644827285705e+01
1.319999999999999840e+00 -2.650000000000000000e+01 -1.762702605031131498e+01
1.349999999999999867e+00 -2.650000000000000000e+01 -1.768808530829439007e+01
1.379999999999999893e+00 -2.650000000000000000e+01 -1.774778439876035918e+01
1.409999999999999920e+00 -2.650000000000000000e+01 -1.780617981801539429e+01
1.439999999999999947e+00 -2.650000000000000000e+01 -1.786332467634207433e+01
1.469999999999999973e+00 -2.650000000000000000e+01 -1.791926896308921258e+01
1.500000000000000000e+00 -2.650000000000000000e+01 -1.797405978607905652e+01
1.530000000000000027e+00 -2.650000000000000000e+01 -1.802774158829863893e+01
1.560000000000000053e+00 -2.650000000000000000e+01 -1.808035634444529549e+01
1.589999999999999858e+00 -2.650000000000000000e+01 -1.813194373955927574e+01
1.619999999999999885e+00 -2.650000000000000000e+01 -1.818254133168987252e+01
1.649999999999999911e+00 -2.650000000000000000e+01 -1.823218470029593874e+01
1.679999999999999938e+00 -2.650000000000000000e+01 -1.828090758187184051e+01
1.709999999999999964e+00 -2.650000000000000000e+01 -1.832874199410892047e+01
1.739999999999999991e+00 -2.650000000000000000e+01 -1.837571834974686524e+01
1.770000000000000018e+00 -2.650000000000000000e+01 -1.842186556113435003e+01
1.799999999999999822e+00 -2.650000000000000000e+01 -1.846721113640154499e+01
1.829999999999999849e+00 -2.650000000000000000e+01 -1.851178126804521895e+01
1.859999999999999876e+00 -2.650000000000000000e+01 -1.855560091463857830e+01
1.889999999999999902e+00 -2.650000000000000000e+01 -1.859869387630036996e+01
1.919999999999999929e+00 -2.650000000000000000e+01 -1.864108286448986007e+01
1.949999999999999956e+00 -2.650000000000000000e+01 -1.868278956663471746e+01
1.979999999999999982e+00 -2.650000000000000000e+01 -1.872383470604611233e+01
2.009999999999999787e+00 -2.650000000000000000e+01 -1.876423809752920135e+01
2.040000000000000036e+00 -2.650000000000000000e+01 -1.880401869905609402e+01
2.069999999999999840e+00 -2.650000000000000000e+01 -1.884319465983216801e+01
2.100000000000000089e+00 -2.650000000000000000e+01 -1.888178336505425037e+01
2.129999999999999893e+00 -2.650000000000000000e+01 -1.891980147763077369e+01
2.160000000000000142e+00 -2.650000000000000000e+01 -1.895726497710834479e+01
2.189999999999999947e+00 -2.650000000000000000e+01 -1.899418919602626943e+01
2.219999999999999751e+00 -2.650000000000000000e+01 -1.903058885390060340e+01
2.250000000000000000e+00 -2.650000000000000000e+01 -1.906647808902054919e+01
2.279999999999999805e+00 -2.650000000000000000e+01 -1.910187048822412947e+01
2.310000000000000053e+00 -2.650000000000000000e+01 -1.913677911480504434e+01
2.339999999999999858e+00 -2.650000000000000000e+01 -1.917121653468954889e+01
2.370000000000000107e+00 -2.650000000000000000e+01 -1.920519484101026109e+01
2.399999999999999911e+00 -2.650000000000000000e+01 -1.923872567719295645e+01
2.429999999999999716e+00 -2.650000000000000000e+01 -1.927182025866284931e+01
2.459999999999999964e+00 -2.650000000000000000e+01 -1.930448939326787539e+01
2.489999999999999769e+00 -2.650000000000000000e+01 -1.933674350050869606e+01
2.520000000000000018e+00 -2.650000000000000000e+01 -1.936859262965778328e+01
2.549999999999999822e+00 -2.650000000000000000e+01 -1.940004647684344263e+01
2.580000000000000071e+00 -2.650000000000000000e+01 -1.943111440116862809e+01
2.609999999999999876e+00 -2.650000000000000000e+01 -1.946180543992899104e+01
2.639999999999999680e+00 -2.650000000000000000e+01 -1.949212832298959341e+01
2.669999999999999929e+00 -2.650000000000000000e+01 -1.952209148637526326e+01
2.699999999999999734e+00 -2.650000000000000000e+01 -1.955170308512532884e+01
2.729999999999999982e+00 -2.650000000000000000e+01 -1.958097100545980851e+01
2.759999999999999787e+00 -2.650000000000000000e+01 -1.960990287630056272e+01
2.790000000000000036e+00 -2.650000000000000000e+01 -1.963850608018781685e+01
2.819999999999999840e+00 -2.650000000000000000e+01 -1.966678776362949321e+01
2.850000000000000089e+00 -2.650000000000000000e+01 -1.969475484691812284e+01
2.879999999999999893e+00 -2.650000000000000000e+01 -1.972241403344773758e+01
2.909999999999999698e+00 -2.650000000000000000e+01 -1.974977181856073116e+01
2.939999999999999947e+00 -2.650000000000000000e+01 -1.977683449795272708e+01
2.969999999999999751e+00 -2.650000000000000000e+01 -1.980360817566146281e+01
3.000000000000000000e+00 -2.650000000000000000e+01 -1.983009877166410462e+01
