1.000000000000000078e-15 -2.650000000000000000e+01 5.906215302906912257e+01
4.000000000000000083e-02 -2.650000000000000000e+01 -9.705765361827275228e+00
8.000000000000000167e-02 -2.650000000000000000e+01 -1.127487362573823226e+01
1.199999999999999956e-01 -2.650000000000000000e+01 -1.221585605418289511e+01
1.600000000000000033e-01 -2.650000000000000000e+01 -1.289788313850460533e+01
2.000000000000000111e-01 -2.650000000000000000e+01 -1.343679251547026965e+01
2.399999999999999911e-01 -2.650000000000000000e+01 -1.388428430564722937e+01
2.800000000000000266e-01 -2.650000000000000000e+01 -1.426801415126922024e+01
3.200000000000000067e-01 -2.650000000000000000e+01 -1.460454968977255419e+01
3.599999999999999867e-01 -2.650000000000000000e+01 -1.490462452269900595e+01
4.000000000000000222e-01 -2.650000000000000000e+01 -1.517560531818509162e+01
4.400000000000000022e-01 -2.650000000000000000e+01 -1.542277718863748959e+01
4.799999999999999822e-01 -2.650000000000000000e+01 -1.565006773736974921e+01
5.200000000000000178e-01 -2.650000000000000000e+01 -1.586048055719416894e+01
5.600000000000000533e-01 -2.650000000000000000e+01 -1.605636783423964431e+01
5.999999999999999778e-01 -2.650000000000000000e+01 -1.623960885108316532e+01
6.400000000000000133e-01 -2.650000000000000000e+01 -1.641173090982600158e+01
6.800000000000000488e-01 -2.650000000000000000e+01 -1.657399365512892331e+01
7.199999999999999734e-01 -2.650000000000000000e+01 -1.672744936366436974e+01
7.600000000000000089e-01 -2.650000000000000000e+01 -1.687298700126388340e+01
8.000000000000000444e-01 -2.650000000000000000e+01 -1.701136504350861145e+01
8.399999999999999689e-01 -2.650000000000000000e+01 -1.714323634711742272e+01
8.800000000000000044e-01 -2.650000000000000000e+01 -1.726916728793970535e+01
9.200000000000000400e-01 -2.650000000000000000e+01 -1.738965269141699466e+01
9.599999999999999645e-01 -2.650000000000000000e+01 -1.750512762663869637e+01
1.000000000000000000e+00 -2.650000000000000000e+01 -1.761597682904461948e+01
1.040000000000000036e+00 -2.650000000000000000e+01 -1.772254230687810761e+01
1.080000000000000071e+00 -2.650000000000000000e+01 -1.782512953998052652e+01
1.120000000000000107e+00 -2.650000000000000000e+01 -1.792401257565639838e+01
1.159999999999999920e+00 -2.650000000000000000e+01 -1.801943825164537927e+01
1.199999999999999956e+00 -2.650000000000000000e+01 -1.811162972180465403e+01
1.239999999999999991e+00 -2.650000000000000000e+01 -1.820078941995000577e+01
1.280000000000000027e+00 -2.650000000000000000e+01 -1.828710156734249637e+01
1.320000000000000062e+00 -2.650000000000000000e+01 -1.837073430671594210e+01
1.360000000000000098e+00 -2.650000000000000000e+01 -1.845184152853682136e+01
1.400000000000000133e+00 -2.650000000000000000e+01 -1.853056444196653274e+01
1.439999999999999947e+00 -2.650000000000000000e+01 -1.860703293274669790e+01
1.479999999999999982e+00 -2.650000000000000000e+01 -1.868136674221782201e+01
1.520000000000000018e+00 -2.650000000000000000e+01 -1.875367649537369630e+01
1.560000000000000053e+00 -2.650000000000000000e+01 -1.882406460084991906e+01
1.600000000000000089e+00 -2.650000000000000000e+01 -1.889262604174865245e+01
1.640000000000000124e+00 -2.650000000000000000e+01 -1.895944907298928328e+01
1.679999999999999938e+00 -2.650000000000000000e+01 -1.902461583827646407e+01
1.719999999999999973e+00 -2.650000000000000000e+01 -1.908820291766331678e+01
1.760000000000000009e+00 -2.650000000000000000e+01 -1.915028181495881299e+01
1.800000000000000044e+00 -2.650000000000000000e+01 -1.921091939280616856e+01
1.840000000000000080e+00 -2.650000000000000000e+01 -1.927017826208440709e+01
1.880000000000000115e+00 -2.650000000000000000e+01 -1.932811713130911713e+01
1.919999999999999929e+00 -2.650000000000000000e+01 -1.938479112089448364e+01
1.959999999999999964e+00 -2.650000000000000000e+01 -1.944025204645669547e+01
2.000000000000000000e+00 -2.650000000000000000e+01 -1.949454867476483244e+01
