1.000000000000000078e-15 -2.530000000000000071e+01 5.786215302906911973e+01
4.000000000000000083e-02 -2.530000000000000071e+01 -1.090576536182727452e+01
8.000000000000000167e-02 -2.530000000000000071e+01 -1.247487362573823155e+01
1.199999999999999956e-01 -2.530000000000000071e+01 -1.341585605418289440e+01
1.600000000000000033e-01 -2.530000000000000071e+01 -1.409788313850460462e+01
2.000000000000000111e-01 -2.530000000000000071e+01 -1.463679251547026894e+01
2.399999999999999911e-01 -2.530000000000000071e+01 -1.508428430564722866e+01
2.800000000000000266e-01 -2.530000000000000071e+01 -1.546801415126921952e+01
3.200000000000000067e-01 -2.530000000000000071e+01 -1.580454968977255348e+01
3.599999999999999867e-01 -2.530000000000000071e+01 -1.610462452269900524e+01
4.000000000000000222e-01 -2.530000000000000071e+01 -1.637560531818509091e+01
4.400000000000000022e-01 -2.530000000000000071e+01 -1.662277718863748888e+01
4.799999999999999822e-01 -2.530000000000000071e+01 -1.685006773736974850e+01
5.200000000000000178e-01 -2.530000000000000071e+01 -1.706048055719416823e+01
5.600000000000000533e-01 -2.530000000000000071e+01 -1.725636783423964360e+01
5.999999999999999778e-01 -2.530000000000000071e+01 -1.743960885108316461e+01
6.400000000000000133e-01 -2.530000000000000071e+01 -1.761173090982600087e+01
6.800000000000000488e-01 -2.530000000000000071e+01 -1.777399365512892260e+01
7.199999999999999734e-01 -2.530000000000000071e+01 -1.792744936366436903e+01
7.600000000000000089e-01 -2.530000000000000071e+01 -1.807298700126388269e+01
8.000000000000000444e-01 -2.530000000000000071e+01 -1.821136504350861074e+01
8.399999999999999689e-01 -2.530000000000000071e+01 -1.834323634711742201e+01
8.800000000000000044e-01 -2.530000000000000071e+01 -1.846916728793970464e+01
9.200000000000000400e-01 -2.530000000000000071e+01 -1.858965269141699395e+01
9.599999999999999645e-01 -2.530000000000000071e+01 -1.870512762663869566e+01
1.000000000000000000e+00 -2.530000000000000071e+01 -1.881597682904461877e+01
1.040000000000000036e+00 -2.530000000000000071e+01 -1.892254230687810690e+01
1.080000000000000071e+00 -2.530000000000000071e+01 -1.902512953998052581e+01
1.120000000000000107e+00 -2.530000000000000071e+01 -1.912401257565639767e+01
1.159999999999999920e+00 -2.530000000000000071e+01 -1.921943825164537856e+01
1.199999999999999956e+00 -2.530000000000000071e+01 -1.931162972180465331e+01
1.239999999999999991e+00 -2.530000000000000071e+01 -1.940078941995000505e+01
1.280000000000000027e+00 -2.530000000000000071e+01 -1.948710156734249566e+01
1.320000000000000062e+00 -2.530000000000000071e+01 -1.957073430671594139e+01
1.360000000000000098e+00 -2.530000000000000071e+01 -1.965184152853682065e+01
1.400000000000000133e+00 -2.530000000000000071e+01 -1.973056444196653203e+01
1.439999999999999947e+00 -2.530000000000000071e+01 -1.980703293274669718e+01
1.479999999999999982e+00 -2.530000000000000071e+01 -1.988136674221782130e+01
1.520000000000000018e+00 -2.530000000000000071e+01 -1.995367649537369559e+01
1.560000000000000053e+00 -2.530000000000000071e+01 -2.002406460084991835e+01
1.600000000000000089e+00 -2.530000000000000071e+01 -2.009262604174865174e+01
1.640000000000000124e+00 -2.530000000000000071e+01 -2.015944907298928257e+01
1.679999999999999938e+00 -2.530000000000000071e+01 -2.022461583827646336e+01
1.719999999999999973e+00 -2.530000000000000071e+01 -2.028820291766331607e+01
1.760000000000000009e+00 -2.530000000000000071e+01 -2.035028181495881228e+01
1.800000000000000044e+00 -2.530000000000000071e+01 -2.041091939280616785e+01
1.840000000000000080e+00 -2.530000000000000071e+01 -2.047017826208440638e+01
1.880000000000000115e+00 -2.530000000000000071e+01 -2.052811713130911642e+01
1.919999999999999929e+00 -2.530000000000000071e+01 -2.058479112089448293e+01
1.959999999999999964e+00 -2.530000000000000071e+01 -2.064025204645669476e+01
2.000000000000000000e+00 -2.530000000000000071e+01 -2.069454867476483173e+01
